0,10
0,34
0,36
0,74
1,3
1,62
1,67
1,97
2,50
2,76
2,77
2,95
3,6
3,29
3,39
3,80
4,27
4,56
4,74
4,86
5,21
5,65
5,66
5,71
6,12
6,55
6,57
6,64
7,8
7,15
7,24
7,49
8,34
8,86
8,90
8,98
9,14
9,20
9,55
9,92
10,11
10,12
10,25
10,89
11,10
11,27
11,85
11,99
12,10
12,22
12,24
12,82
13,11
13,30
13,32
13,70
14,2
14,50
14,73
14,89
15,41
15,58
15,97
15,98
16,7
16,83
16,91
16,96
17,8
17,21
17,60
17,64
18,6
18,25
18,37
18,90
19,6
19,66
19,81
19,89
20,16
20,38
20,56
20,62
21,48
21,68
21,83
21,89
22,2
22,9
22,33
22,71
23,3
23,13
23,37
23,86
24,46
24,50
24,64
24,90
25,0
25,6
25,26
25,73
26,25
26,45
26,75
26,95
27,17
27,20
27,31
27,92
28,14
28,27
28,37
28,94
29,17
29,31
29,64
29,84
30,49
30,51
30,66
30,99
31,22
31,88
31,91
31,92
32,20
32,24
32,30
32,85
33,60
33,76
33,84
33,93
34,70
34,76
34,77
34,87
35,15
35,25
35,37
35,39
36,10
36,34
36,86
36,91
37,11
37,18
37,72
37,99
38,44
38,47
38,73
38,76
39,9
39,35
39,62
39,65
40,52
40,63
40,70
40,94
41,0
41,25
41,76
41,91
42,2
42,10
42,57
42,73
43,6
43,11
43,37
43,70
44,49
44,52
44,74
44,87
45,32
45,33
45,61
45,94
46,14
46,30
46,73
46,84
47,10
47,19
47,37
47,72
48,5
48,54
48,72
48,85
49,8
49,16
49,50
49,99
50,15
50,58
50,85
50,86
51,0
51,19
51,22
51,92
52,0
52,34
52,49
52,66
53,28
53,78
53,83
53,86
54,1
54,26
54,36
54,87
55,1
55,4
55,65
55,68
56,19
56,26
56,38
56,60
57,6
57,39
57,54
57,76
58,39
58,50
58,62
58,74
59,0
59,49
59,60
59,77
60,14
60,17
60,29
60,62
61,2
61,38
61,39
61,43
62,18
62,31
62,88
62,91
63,1
63,29
63,36
63,57
64,45
64,72
64,73
64,98
65,23
65,43
65,61
65,98
66,7
66,25
66,35
66,62
67,5
67,57
67,58
67,92
68,2
68,37
68,47
68,93
69,17
69,26
69,36
69,50
70,1
70,16
70,38
70,53
71,5
71,12
71,82
71,89
72,10
72,20
72,24
72,82
73,40
73,44
73,47
73,48
74,15
74,54
74,69
74,75
75,62
75,73
75,77
75,93
76,9
76,35
76,64
76,69
77,8
77,36
77,55
77,97
78,68
78,71
78,76
78,87
79,37
79,51
79,81
79,93
80,21
80,37
80,73
80,84
81,25
81,31
81,70
81,85
82,27
82,30
82,34
82,52
83,4
83,45
83,60
83,75
84,41
84,46
84,62
84,81
85,32
85,43
85,44
85,45
86,22
86,59
86,70
86,71
87,15
87,30
87,46
87,67
88,2
88,3
88,47
88,48
89,15
89,24
89,27
89,75
90,3
90,13
90,56
90,92
91,20
91,43
91,54
91,86
92,9
92,43
92,54
92,84
93,22
93,42
93,48
93,49
94,12
94,56
94,64
94,86
95,7
95,23
95,44
95,94
96,10
96,34
96,59
96,60
97,5
97,34
97,48
97,53
98,9
98,10
98,59
98,92
99,9
99,40
99,54
99,94
